
2 67
2 68
2 69
3 70
3 71
3 72
3 73
3 74
3 75
3 76
3 77
3 78
3 79
3 80
3 81
3 82
3 83
3 84
3 85
3 86
3 87
3 88
3 89
3 90
3 91
3 92
3 93
3 94
3 95
3 96
3 97
3 98
3 99
3 100
3 101
3 102
3 103
3 104
3 105
3 106
3 107
3 108
3 109
3 110
3 111
3 112
3 113
3 114
3 115
3 116
3 117
3 118
6 119
2 109
2 110
2 111
2 112
2 113
2 114
2 115
2 116
2 117
3 118
3 119
3 120
3 121
3 122
3 123
3 124
3 125
3 126
3 127
3 128
3 129
1 130
1 131
1 132
1 133
1 134
1 135
1 136
3 137
3 138
3 139
3 140
3 141
3 142
3 143
1 144
1 145
1 146
1 147
1 148
3 149
3 150
3 151
3 152
3 153
3 154
1 155
1 156
1 157
1 158
1 159
3 160
3 161
3 162
3 163
3 164
3 165
3 166
1 167
1 168
1 169
3 170
3 171
3 172
3 173
3 174
3 175
1 176
1 177
1 178
1 179
3 180
3 181
3 182
3 183
3 184
3 185
1 186
1 187
1 188
1 189
1 190
3 191
3 192
3 193
3 194
3 195
3 196
3 197
1 198
1 199
1 200
1 201
3 202
3 203
3 204
3 205
3 206
3 207
1 208
1 209
1 210
1 211
1 212
3 213
3 214
3 215
3 216
3 217
3 218
3 219
3 220
3 221
3 222
3 223
3 224
3 225
3 226
3 227
3 228
3 229
3 230
3 231
3 232
3 233
3 234
3 235
3 236
3 237
3 238
3 239
3 240
3 241
3 242
3 243
3 244
3 245
3 246
3 247
3 248
3 249
3 250
3 251
3 252
3 253
3 254
3 255
3 256
3 257
3 258
3 259
3 260
3 261
3 262
3 263
3 264
3 265
3 266
3 267
2 268
2 269
2 270
2 271
2 272
2 273
2 274
2 275
2 276
2 277
2 278
2 279
2 280
2 281
2 282
2 283
2 284
2 285
2 286
2 287
2 288
2 289
2 290
2 291
2 292
2 293
2 294
2 295
2 296
2 297
2 298
2 299
2 300
2 301
2 302
2 303
2 304
2 305
2 306
2 307
2 308
2 309
2 310
2 311
2 312
2 313
2 314
2 315
2 316
2 317
2 318
2 319
2 320
2 321
2 322
2 323
2 324
2 325
2 326
2 327
4 328
4 329
4 330
4 331
4 332
4 333
4 334
4 335
4 336
4 337
4 338
4 339
4 340
4 341
4 342
4 343
4 344
4 345
4 346
4 347
4 348
4 349
4 350
4 351
4 352
4 353
4 354
4 355
4 356
4 357
4 358
4 359
4 360
4 361
4 362
4 363
4 364
4 365
4 366
4 367
4 368
4 369
4 370
4 371
4 372
4 373
4 374
4 375
4 376
4 377
4 378
4 379
4 380
4 381
4 382
4 383
4 384
4 385
4 386
4 387
4 388
4 389
4 390
4 391
4 392
4 393
4 394
4 395
4 396
4 397
4 398
4 399
4 400
4 401
4 402
4 403
4 404
4 405
4 406
4 407
4 408
4 409
4 410
4 411
4 412
4 413
4 414
3 415
3 416
3 417
3 418
3 419
3 420
3 421
3 422
3 423
3 424
3 425
3 426
3 427
3 428
3 429
3 430
3 431
3 432
3 433
3 434
3 435
3 436
3 437
3 438
3 439
3 440
3 441
3 442
3 443
3 444
3 445
3 446
3 447
3 448
3 449
3 450
3 451
3 452
3 453
3 454
3 455
3 456
3 457
3 458
3 459
3 460
3 461
3 462
3 463
3 464
3 465
3 466
3 467
3 468
3 469
3 470
3 471
3 472
3 473
3 474
3 475
3 476
3 477
3 478
3 479
3 480
3 481
3 482
3 483
3 484
3 485
3 486
3 487
3 488
3 489
3 490
3 491
3 492
3 493
3 494
3 495
3 496
3 497
3 498
1 499
1 500
1 501
1 502
1 503
1 504
1 505
1 506
1 507
1 508
1 509
1 510
1 511
1 512
1 513
1 514
1 515
1 516
1 517
1 518
1 519
1 520
1 521
1 522
1 523
1 524
1 525
1 526
1 527
1 528
1 529
1 530
1 531
1 532
1 533
1 534
1 535
1 536
1 537
1 538
1 539
1 540
1 541
1 542
1 543
1 544
1 545
1 546
1 547
1 548
1 549
1 550
1 551
1 552
1 553
1 554
1 555
1 556
1 557
1 558
1 559
1 560
1 561
1 562
1 563
1 564
1 565
1 566
1 567
1 568
1 569
1 570
1 571
1 572
1 573
1 574
1 575
1 576
1 577
1 578
1 579
1 580
1 581
1 582
1 583
1 584
1 585
2 586
2 587
2 588
2 589
2 590
2 591
2 592
2 593
2 594
2 595
2 596
2 597
2 598
2 599
2 600
2 601
2 602
2 603
2 604
2 605
2 606
2 607
2 608
2 609
2 610
2 611
2 612
2 613
2 614
2 615
2 616
2 617
2 618
2 619
2 620
2 621
2 622
2 623
2 624
2 625
2 626
2 627
2 628
2 629
2 630
2 631
2 632
2 633
2 634
2 635
2 636
2 637
2 638
2 639
2 640
2 641
2 642
2 643
2 644
2 645
2 646
2 647
2 648
2 649
2 650
2 651
2 652
2 653
2 654
2 655
2 656
2 657
2 658
2 659
2 660
2 661
2 662
2 663
2 664
2 665
2 666
2 667
2 668
2 669
2 670
2 671
2 672
2 673
2 674
2 675
2 676
2 677
2 678
2 679
2 680
2 681
2 682
2 683
2 684
2 685
2 686
2 687
2 688
2 689
2 690
2 691
2 692
2 693
2 694
2 695
2 696
2 697
2 698
2 699
2 700
2 701
2 702
2 703
2 704
2 705
2 706
2 707
2 708
2 709
2 710
2 711
2 712
2 713
2 714
2 715
2 716
2 717
2 718
2 719
2 720
2 721
2 722
2 723
2 724
2 725
2 726
1 727
1 728
1 729
1 730
1 731
1 732
1 733
1 734
1 735
1 736
1 737
1 738
1 739
1 740
1 741
1 742
1 743
1 744
1 745
1 746
1 747
1 748
1 749
1 750
1 751
1 752
1 753
1 754
1 755
1 756
1 757
1 758
1 759
1 760
1 761
1 762
1 763
1 764
1 765
1 766
1 767
1 768
1 769
1 770
1 771
1 772
1 773
1 774
1 775
1 776
1 777
1 778
4 779
4 780
4 781
4 782
4 783
4 784
4 785
4 786
4 787
4 788
4 789
4 790
4 791
4 792
4 793
4 794
4 795
4 796
4 797
4 798
4 799
4 800
4 801
4 802
4 803
4 804
4 805
4 806
4 807
4 808
4 809
4 810
4 811
4 812
4 813
4 814
4 815
4 816
4 817
4 818
4 819
4 820
4 821
4 822
4 823
4 824
4 825
4 826
4 827
4 828
4 829
4 830
4 831
4 832
4 833
4 834
4 835
4 836
4 837
4 838
4 839
4 840
4 841
4 842
4 843
4 844
4 845
4 846
4 847
4 848
4 849
4 850
4 851
4 852
4 853
4 854
4 855
4 856
4 857
4 858
4 859
4 860
4 861
4 862
4 863
4 864
4 865
4 866
4 867
4 868
4 869
4 870
4 871
4 872
4 873
4 874
4 875
4 876
4 877
4 878
4 879
4 880
4 881
4 882
4 883
4 884
4 885
4 886
4 887
4 888
4 889
4 890
4 891
4 892
4 893
4 894
4 895
4 896
4 897
4 898
4 899
4 900
4 901
4 902
4 903
4 904
4 905
4 906
4 907
4 908
4 909
4 910
4 911
4 912
4 913
4 914
4 915
4 916
4 917
4 918
4 919
4 920
4 921
4 922
4 923
4 924
4 925
4 926
4 927
4 928
4 929
4 930
4 931
4 932
4 933
4 934
4 935
4 936
4 937
4 938
4 939
4 940
4 941
4 942
4 943
4 944
4 945
4 946
4 947
4 948
4 949
4 950
4 951
4 952
4 953
4 954
4 955
4 956
4 957
4 958
4 959
4 960
4 961
4 962
4 963
4 964
4 965
4 966
4 967
4 968
4 969
4 970
4 971
4 972
4 973
4 974
4 975
4 976
4 977
4 978
4 979
4 980
4 981
4 982
4 983
4 984
4 985
4 986
4 987
4 988
4 989
4 990
4 991
4 992
4 993
4 994
4 995
4 996
4 997
4 998
4 999
4 1000
4 1001
4 1002
4 1003
4 1004
4 1005
4 1006
4 1007
4 1008
4 1009
4 1010
4 1011
4 1012
4 1013
4 1014
4 1015
4 1016
4 1017
4 1018
4 1019
4 1020
4 1021
4 1022
4 1023
4 1024
4 1025
4 1026
4 1027
4 1028
4 1029
4 1030
4 1031
4 1032
4 1033
4 1034
4 1035
4 1036
4 1037
4 1038
4 1039
4 1040
4 1041
4 1042
4 1043
4 1044
4 1045
4 1046
4 1047
4 1048
4 1049
4 1050
4 1051
4 1052
4 1053
4 1054
4 1055
4 1056
4 1057
4 1058
4 1059
4 1060
4 1061
4 1062
4 1063
4 1064
4 1065
4 1066
4 1067
4 1068
4 1069
4 1070
4 1071
4 1072
4 1073
4 1074
4 1075
4 1076
4 1077
4 1078
4 1079
4 1080
4 1081
4 1082
4 1083
4 1084
4 1085
4 1086
4 1087
4 1088
4 1089
4 1090
4 1091
4 1092
4 1093
4 1094
4 1095
4 1096
4 1097
4 1098
4 1099
4 1100
4 1101
4 1102
4 1103
4 1104
4 1105
4 1106
4 1107
4 1108
4 1109
4 1110
4 1111
4 1112
4 1113
4 1114
4 1115
4 1116
4 1117
4 1118
4 1119
4 1120
4 1121
4 1122
4 1123
4 1124
4 1125
4 1126
4 1127
4 1128
4 1129
4 1130
4 1131
4 1132
4 1133
4 1134
4 1135
4 1136
4 1137
4 1138
4 1139
4 1140
4 1141
4 1142
4 1143
4 1144
4 1145
4 1146
4 1147
4 1148
4 1149
4 1150
4 1151
4 1152
4 1153
4 1154
4 1155
4 1156
4 1157
4 1158
4 1159
4 1160
4 1161
4 1162
4 1163
4 1164
4 1165
4 1166
4 1167
4 1168
4 1169
4 1170
4 1171
4 1172
4 1173
4 1174
4 1175
4 1176
4 1177
4 1178
4 1179
4 1180
4 1181
4 1182
4 1183
4 1184
4 1185
4 1186
4 1187
4 1188
4 1189
4 1190
4 1191
4 1192
4 1193
4 1194
4 1195
4 1196
4 1197
4 1198
4 1199
4 1200
4 1201
4 1202
4 1203
4 1204
4 1205
4 1206
4 1207
4 1208
4 1209
4 1210
4 1211
4 1212
4 1213
4 1214
4 1215
4 1216
4 1217
4 1218
4 1219
4 1220
4 1221
4 1222
4 1223
4 1224
4 1225
4 1226
4 1227
4 1228
4 1229
6 1230
